$ 1 0.000005 1.0312258501325766 50 5 50
w 256 432 288 432 0 -1
w 256 496 288 496 0 -1
r 288 432 288 496 0 -1 2000
209 368 432 288 432 0 -1 0.00001 0.001 1
S 368 432 400 432 0 -1 0 false 0 2
w 400 416 448 416 0 -1
r 448 416 448 336 0 -1 1000
r 448 336 448 256 0 -1 100000
w 448 256 528 256 0 -1
R 528 256 640 256 0 -1 0 40 9 0 0 0.5
t 448 416 528 416 0 -1 1 0 0 100
w 528 400 528 368 0 -1
r 528 368 528 256 0 -1 1000
209 528 368 640 368 0 -1 0.00001 0.001 1
s 640 368 640 400 0 -1 0 false
w 528 432 528 464 0 -1
r 528 464 528 544 0 -1 100
r 528 544 528 624 0 -1 1000
w 528 464 576 464 0 -1
w 576 464 576 544 0 -1
w 528 544 576 544 0 -1
209 576 544 576 624 0 -1 0.00009999999999999999 0.001 1
r 640 400 640 624 0 -1 3600
r 448 416 448 624 0 -1 1000
r 400 448 400 624 0 -1 10000
w 640 624 576 624 0 -1
w 576 624 528 624 0 -1
w 528 624 448 624 0 -1
w 448 624 400 624 0 -1
w 400 624 352 624 0 -1
g 352 624 352 640 0 -1
